Factories:2
Families:12
Machines:3
SetupType:1
Number of Jobs in each Family:
3	1	2	2	1	2	3	2   2   1   2   2
Jobs in each Family:
1	1	2	3
2	4
3	5	6
4	7	8
5	9
6	10	11
7	12	13	14
8	15	16
9   17  18
10  19
11  20  21
12  22  23
Total number of jobs:
23
Processing times of jobs:
6	4   5
4	8   6
6	6   5
6	8   4
8	4   6
6	4   5
2	6   4
4	6   6
6	4   4
4	6   5
6	4   6
5	8   4
6	4   6
6	2   7
4	4   5
6	6   2
5   8   2
4   6   3
4   2   2
4	6   5
6	4   6
5	8   4
6	4   6
Setup times:
4	5	2	2	4	5   6   5   4   3   3   3
2	1	3	3	2	1   4   5   3   4   2   3
4	5	2	2	4	5   2   5   3   1   1   5
4	5	2	2	4	5   3   5   3   6   2   4
5	4	5	3	5	4   6   5   4   5   3   2
2	2	3	4	2	2   3   6   3   6   6   3
3	4	2	4	3	4   3   2   2   6   4   2
2	3	3	2	2	3   4   2   4   2   3   1
5	6	1	4	5	6   5   2   5   2   6   4
4	4	3	5	4	4   5   6   3   2   2   3
3	4	2	4	3	4   3   2   2   6   5   1
5	6	1	4	5	6   4   7   4   4   4   2
4	5	2	2	4	5   3   2   1   6   3   6
2	2	3	4	2	2   1   5   4   5   2   5
4	4	3	5	4	4   3   4   2   6   2   1
3	4	2	4	3	4   3   2   2   6   1   1
2	3	3	2	2	3   4   2   4   2   2   2
5	6	1	4	5	6   5   2   5   2   3   3
4	4	3	5	4	4   5   6   3   2   4   4
2	1	3	3	2	1   4   5   3   4   5   5
3	4	2	4	3	4   3   2   2   6   6   6
4	5	2	2	4	5   2   5   3   1   5   5
5	4	5	3	5	4   5   2   1   2   2   2
2	2	3	4	2	2   1   5   4   5   3   3
2	2	3	4	2	2   3   6   3   6   4   4
3	4	2	4	3	4   3   2   2   6   3   2
2	3	3	2	2	3   4   2   4   2   3   1
5	6	1	4	5	6   5   2   5   2   3   4
4	4	3	5	4	4   5   6   3   2   3   5
3	4	2	4	3	4   3   2   2   6   3   6
5	6	1	4	5	6   4   7   4   4   1   4
4	5	2	2	4	5   3   2   1   6   1   5
2	2	3	4	2	2   1   5   4   5   4   5
5	6	1	4	5	6   5   2   5   2   2   2
4	4	3	5	4	4   5   6   3   2   1   1
4	4	3	5	4	4   3   4   2   6   6   5
Maximum of maintenance level of machines:
30 32 26
The maintenance time on machines:
8 10 6
